,Precipitation (mm/d),Evaporation (mm/d),Water table depth (m BGL),VWC (2cm),VWC (5cm),VWC (10cm),VWC (20cm),VWC (50cm),VWC (100cm),Soil temperature (deg C),Air temperature (deg C)
1999-10-1,0,0.47838,6.8591,0.064484,0.055971,0.079554,0.072038,0.067119,0.054783,5.5277,-0.40061
1999-10-2,0,0.40183,6.8591,0.064972,0.056466,0.080114,0.072439,0.067316,0.05487,5.0429,-1.5331
1999-10-3,0,0.47868,6.8591,0.065774,0.057277,0.081077,0.072972,0.06755,0.054948,4.4531,0.62738
1999-10-4,1,0.42142,6.8591,0.065394,0.056825,0.080986,0.073338,0.067705,0.05512,4.687,0.30272
1999-10-5,1,0.57509,6.8591,0.065446,0.056626,0.080907,0.073584,0.067952,0.055167,4.709,-0.066396
1999-10-6,0,0.22075,6.8591,0.066126,0.057142,0.081463,0.073853,0.068134,0.05523,4.1534,0.095735
1999-10-7,1,0.47429,6.8591,0.065878,0.05676,0.08151,0.074119,0.068245,0.055259,4.4302,3.1875
1999-10-8,0,1.0412,6.8591,0.064435,0.055067,0.080479,0.074195,0.068365,0.055302,5.3948,6.9028
1999-10-9,0,1.092,6.8591,0.064231,0.054699,0.080065,0.074071,0.068352,0.055263,5.1983,6.6642
1999-10-10,0,0.84631,6.8591,0.064443,0.054887,0.080271,0.074083,0.068363,0.055081,4.7904,5.2694
1999-10-11,0,0.55384,6.8591,0.064654,0.054989,0.080601,0.074183,0.068302,0.054899,4.5401,4.6413
1999-10-12,0,0.68816,6.8591,0.06438,0.054566,0.080405,0.074288,0.068416,0.054883,4.6565,3.8103
1999-10-13,1,0.44208,6.8591,0.065406,0.055599,0.081185,0.074499,0.068388,0.054802,3.7682,1.1807
1999-10-14,0,1.0121,6.8591,0.064855,0.054803,0.080959,0.074669,0.068448,0.0548,4.3429,5.1432
1999-10-15,0,0.3929,6.8591,0.064984,0.054769,0.080819,0.074703,0.068584,0.054814,4.148,2.2712
1999-10-16,0,0.53057,6.8591,0.065038,0.054788,0.08084,0.0748,0.068585,0.054769,4.1461,1.1649
1999-10-17,1,0.67954,6.8591,0.065128,0.054689,0.080908,0.074918,0.068598,0.054749,4.1286,3.3492
1999-10-18,0,0.33402,6.8591,0.065246,0.054651,0.080679,0.074933,0.068631,0.054699,3.9485,-0.49881
1999-10-19,0,0.36353,6.8591,0.066155,0.055631,0.081511,0.075103,0.068654,0.054619,3.321,1.3617
1999-10-20,0,0.51252,6.8591,0.064597,0.053844,0.080658,0.075212,0.068751,0.0547,4.7267,11.033
1999-10-21,0,0.38487,6.8591,0.063862,0.052902,0.079318,0.074897,0.068766,0.054662,5.0161,4.7115
1999-10-22,0,0.27343,6.8591,0.066008,0.055327,0.080798,0.07486,0.068618,0.054467,3.1778,-1.1308
1999-10-23,0,0.44673,6.8591,0.066207,0.055365,0.081621,0.075316,0.068716,0.05448,3.3123,6.7558
1999-10-24,0,0.40874,6.8591,0.06576,0.05471,0.081117,0.075398,0.068781,0.054486,3.592,6.704
1999-10-25,0,0.4066,6.8591,0.065435,0.054287,0.080758,0.075368,0.068837,0.054521,3.7778,6.4195
1999-10-26,0,0.22234,6.8591,0.066383,0.055247,0.081419,0.075485,0.0689,0.054531,2.9762,2.9995
1999-10-27,0,0.31688,6.8591,0.066809,0.055644,0.081824,0.075688,0.068934,0.054503,2.6282,2.9184
1999-10-28,5.0071,0.29801,6.8591,0.067454,0.056337,0.082563,0.075985,0.069067,0.054665,2.1426,0.89105
1999-10-29,1.0014,0.42479,6.8591,0.067757,0.056697,0.082182,0.076149,0.069203,0.054836,2.6604,0.68214
1999-10-30,0,0.86623,6.8591,0.076021,0.058271,0.082085,0.076167,0.069334,0.054901,2.7384,4.3975
1999-10-31,10,0.34393,6.8591,0.093707,0.059144,0.082238,0.076283,0.0694,0.054937,2.3583,1.2401
1999-11-1,0,1.4174,6.8591,0.10211,0.060256,0.082519,0.076438,0.06947,0.055048,2.3104,-1.3185
1999-11-2,2,0.89202,6.8591,0.09639,0.060808,0.082703,0.076566,0.069598,0.055085,2.0977,-1.7352
1999-11-3,1,0.69563,6.8591,0.094038,0.061314,0.083085,0.076706,0.069685,0.055133,1.8266,0.35636
1999-11-4,0,0.57815,6.8591,0.092848,0.061442,0.08327,0.07695,0.069817,0.055269,1.812,-1.0603
1999-11-5,0,0.21535,6.8591,0.092872,0.062242,0.083671,0.077054,0.069955,0.055403,1.2993,-2.9086
1999-11-6,0,0.20053,6.8591,0.093741,0.063171,0.084392,0.07732,0.070133,0.055566,0.77738,-2.7533
1999-11-7,0,0.1631,6.8591,0.093976,0.063347,0.084646,0.077569,0.070287,0.055651,0.79028,1.1359
1999-11-8,0,0.14902,6.8591,0.093568,0.063233,0.084485,0.077769,0.070469,0.055853,0.93429,1.5104
1999-11-9,0,0.023164,6.8591,0.093296,0.063185,0.084344,0.077898,0.070666,0.056054,1.1177,-1.6801
1999-11-10,0,0.094448,6.8591,0.093588,0.063488,0.084354,0.077954,0.070754,0.056165,0.93972,-2.2136
1999-11-11,0,0.28051,6.8591,0.093869,0.063747,0.084402,0.07805,0.070832,0.056203,0.89319,2.4105
1999-11-12,0,0.11782,6.8591,0.099979,0.063741,0.084245,0.078133,0.070883,0.056318,1.0552,4.1726
1999-11-13,0,0.21557,6.8591,0.12244,0.065119,0.084083,0.078116,0.071019,0.056401,1.1412,0.81637
1999-11-14,0,0.22218,6.8591,0.11468,0.066071,0.084441,0.078234,0.071047,0.056434,0.68533,-1.7146
1999-11-15,1,0.20341,6.8591,0.11206,0.066437,0.084766,0.078351,0.071137,0.056546,0.55281,-0.39425
1999-11-16,0,0.22195,6.8591,0.11037,0.066651,0.084884,0.078487,0.071254,0.056587,0.4954,-2.6068
1999-11-17,0,0.18354,6.8591,0.11316,0.066857,0.084952,0.078582,0.071365,0.05677,0.28673,-9.3997
1999-11-18,3.0568,0.1836,6.8591,0.11067,0.067312,0.085321,0.078705,0.071433,0.056865,-0.13396,-11.398
1999-11-19,0,0.27129,6.8591,0.10752,0.067135,0.0855,0.078933,0.071535,0.057002,0.025448,-2.5869
1999-11-20,8.3274,0.055596,6.8591,0.10795,0.067081,0.085413,0.079034,0.07172,0.057151,0.11581,-3.8227
1999-11-21,4.0903,0.25435,6.8591,0.10805,0.067156,0.085316,0.079134,0.071834,0.057268,0.11088,-7.6183
1999-11-22,0,0.36608,6.8591,0.10778,0.067282,0.085218,0.079147,0.071948,0.05737,0.12251,-4.1427
1999-11-23,0,0.37019,6.8591,0.10673,0.067372,0.0852,0.079136,0.071948,0.0575,0.053875,-5.7658
1999-11-24,0,0.31123,6.8591,0.1047,0.067461,0.085234,0.0792,0.072037,0.057533,-0.060333,-6.507
1999-11-25,2,0.20416,6.8591,0.10232,0.067416,0.085351,0.079299,0.072137,0.057586,-0.18268,-9.2136
1999-11-26,1,0.23438,6.8591,0.1008,0.06725,0.085397,0.079369,0.072298,0.057651,-0.13582,-7.7878
1999-11-27,1,0.43115,6.8591,0.099812,0.067063,0.085318,0.079419,0.072317,0.057782,-0.096177,-6.4794
1999-11-28,0,0.29431,6.8591,0.099025,0.066898,0.085249,0.079467,0.072351,0.057786,-0.13992,-9.4424
1999-11-29,0,0.17792,6.8591,0.09793,0.06656,0.08525,0.079482,0.072419,0.057883,-0.25267,-10.159
1999-11-30,1.0416,0.32468,6.8591,0.09642,0.065723,0.085321,0.079534,0.072467,0.057947,-0.27562,-2.3563
1999-12-1,0,0.75807,6.8591,0.095547,0.065242,0.085312,0.079616,0.07248,0.057969,-0.093979,-0.45521
1999-12-2,0,0.18904,6.8591,0.094502,0.06523,0.085266,0.079566,0.072586,0.058001,-0.36508,-4.9673
1999-12-3,4.0972,0.23444,6.8591,0.091487,0.063905,0.085418,0.079638,0.072586,0.058067,-0.46848,-8.4505
1999-12-4,1.001,0.19717,6.8591,0.088802,0.062687,0.085418,0.079717,0.072665,0.058117,-0.44674,-7.5823
1999-12-5,0,0.31807,6.8591,0.087005,0.061747,0.085368,0.079718,0.0727,0.058136,-0.46724,-6.4166
1999-12-6,0,0.34154,6.8591,0.08465,0.060801,0.0854,0.079728,0.072751,0.058165,-0.49371,-4.221
1999-12-7,0,0.23392,6.8591,0.081167,0.059532,0.085447,0.079737,0.072783,0.058203,-0.61424,-4.8758
1999-12-8,0,0.26077,6.8591,0.078939,0.057958,0.085365,0.079766,0.072766,0.058281,-0.51009,-4.2426
1999-12-9,0,0.096828,6.8591,0.07894,0.057192,0.085254,0.079753,0.072801,0.058284,-0.47267,-7.9566
1999-12-10,1.0044,0.12706,6.8591,0.077212,0.056058,0.085298,0.079779,0.072817,0.0583,-0.66709,-7.0443
1999-12-11,0,0.12605,6.8591,0.075425,0.053979,0.085235,0.079786,0.072884,0.058315,-0.71106,-7.494
1999-12-12,0,0.14432,6.8591,0.073271,0.051692,0.085281,0.0798,0.0729,0.058353,-0.8439,-7.8395
1999-12-13,3.094,0.31815,6.8591,0.072582,0.049727,0.085129,0.079819,0.072953,0.058419,-0.76691,-6.221
1999-12-14,0,0.1712,6.8591,0.071964,0.049256,0.084904,0.079881,0.072998,0.058479,-0.90274,-17.873
1999-12-15,0,0.085298,6.8591,0.068008,0.049037,0.084947,0.0798,0.073034,0.058486,-1.7158,-24.526
1999-12-16,3,0.08046,6.8591,0.064757,0.045646,0.084531,0.079887,0.073134,0.058584,-2.3868,-21.58
1999-12-17,1,0.12349,6.8591,0.063918,0.043101,0.082823,0.080018,0.073118,0.058634,-2.261,-10.976
1999-12-18,6.7048,0.095554,6.8591,0.063882,0.041628,0.080396,0.080082,0.073233,0.058703,-1.7885,-11.7
1999-12-19,2.2349,0.20658,6.8591,0.063847,0.041342,0.078537,0.080018,0.073269,0.058778,-1.6865,-24.245
1999-12-20,0,0.10307,6.8591,0.063728,0.042121,0.077217,0.080079,0.07335,0.058805,-2.1338,-25.945
1999-12-21,0,0.09742,6.8591,0.063213,0.042403,0.075391,0.080118,0.073418,0.058954,-2.4937,-23.405
1999-12-22,0,0.082801,6.8591,0.062802,0.042273,0.072776,0.07994,0.073248,0.058748,-2.6386,-13.966
1999-12-23,0,0.13477,6.8591,0.062697,0.041454,0.070781,0.080232,0.073518,0.059132,-2.3018,-4.1529
1999-12-24,1,1.1218,6.8591,0.062664,0.040525,0.06907,0.080197,0.073517,0.059154,-1.7862,3.6691
1999-12-25,0,0.73692,6.8591,0.062843,0.039364,0.067977,0.080101,0.073583,0.059283,-1.2206,-1.462
1999-12-26,0,0.077957,6.8591,0.06325,0.039385,0.067674,0.080064,0.073634,0.059318,-1.2437,-8.5131
1999-12-27,0,0.17817,6.8591,0.063332,0.039678,0.067831,0.079966,0.073615,0.059367,-1.3267,0.43891
1999-12-28,0,0.15771,6.8591,0.063629,0.038946,0.067463,0.079864,0.073618,0.059313,-0.83604,4.3267
1999-12-29,0,0.09394,6.8591,0.065074,0.038551,0.0672,0.079735,0.0736,0.059235,-0.44691,-4.2795
1999-12-30,5.0671,0.2232,6.8591,0.066288,0.038929,0.067524,0.079696,0.073583,0.05925,-0.43468,-12.389
1999-12-31,6,0.11966,6.8591,0.065245,0.039719,0.068404,0.079622,0.0736,0.059203,-0.87527,-18.718
